# Created by Octave 3.8.2, Mon Jan 09 10:17:33 2017 CET <afr@afr-asus>
# name: predictions
# type: matrix
# rows: 250
# columns: 1
 1.284122018124332
 0.9761183320033721
 2.964243274793468
 3.295722601636593
 0.7588588077533287
 -0.01508821114687539
 0.361451270309006
 -0.8624955909438022
 0.5977696013899929
 0.4962751328307214
 2.689667043568895
 -3.18629885493339
 0.8939910804581049
 0.9418490428254638
 1.241083207636172
 -1.927879407971434
 -1.008823382145508
 2.092700404222016
 0.02773547976839841
 0.01983861972511648
 0.8570433797694664
 0.6267665313657396
 1.824704522537064
 0.1254040832868057
 -2.346574329868433
 0.2866511243219179
 -0.9430623867370065
 0.9419465296354507
 -1.306937427181553
 0.3347174767143929
 0.8062114016338205
 1.2216411953135
 1.15894125851427
 0.7661768627971615
 -0.7074192933197454
 0.9676004093044179
 1.320883254712251
 0.5277385595097014
 0.5246399037576515
 -1.484948472818121
 0.8040191925560596
 0.436438009472463
 -0.1115776841575938
 -0.987746994004899
 0.5462472383868139
 1.730159903586599
 0.8035972262038427
 0.147181436435203
 0.4301833021802891
 0.06986203168450679
 -0.1005150746965096
 0.7211647868460698
 1.904930778916299
 0.7260997821954833
 -1.869288886018909
 1.199738386688272
 -0.8387995045746601
 1.589413143231107
 1.777786322718067
 0.9445413261292376
 1.0643307854812
 -0.6031643496703623
 -1.436040221867927
 -2.461886924218422
 -1.661568005074485
 -0.7664403127252132
 -1.207037225689731
 -1.284734832580008
 2.015887602459216
 0.3756485094406379
 0.6585796055297203
 1.553919396739357
 -0.1448028150886862
 0.8185534731452248
 0.7251779430942248
 0.4667366233110459
 1.905248921000166
 -3.886152908171621
 0.0525911717135971
 0.4637540400792846
 0.9679510873324295
 -0.5346328652255353
 0.7151633843571494
 0.5876365405056778
 0.1101410509607413
 -0.4714368380973711
 1.316583681579058
 -0.2555088981672659
 -2.087631822841716
 -0.6789272800274945
 -3.407056493652865
 0.494828738666341
 1.506198964040235
 -3.209053438915618
 0.9182374929497729
 1.013866632199457
 1.05762281751319
 -0.0794810689726051
 1.691705988094939
 2.544683183386087
 0.141213187921459
 -3.460009172235555
 0.2938610510088741
 1.781727486482665
 0.9047961908372772
 1.205397456686136
 0.5057657641208627
 -0.2216335640371154
 1.934753242300503
 1.226282000631363
 -0.2453032797386586
 2.024102973381376
 1.13113347510308
 1.32888107149329
 0.3364255709053305
 0.490005996745621
 0.5687125739299873
 0.7576747431051272
 0.8578943450402126
 2.534585928701397
 0.5922577707296903
 0.2248260941832128
 0.264713445997799
 0.6491579341242137
 0.8812916186954408
 0.2260306794385807
 0.217176731693177
 1.204877618130387
 0.6759675035484496
 0.2360849980116587
 2.759211242736012
 0.7270499915412597
 1.541123421222997
 1.151883134746159
 1.068989538856402
 0.5991420598350732
 1.913920782340367
 0.6197872211868111
 0.02591178422525207
 -0.8657742000880254
 0.9124937184361434
 1.158398133618109
 1.395188582411128
 2.287954780882242
 -0.8575587275133986
 -3.414525878408901
 0.7082042971991586
 -0.3073830015452485
 -1.535112444990369
 0.7200395214308514
 -1.401529789180045
 0.1728218140477381
 2.260888549387221
 0.295899093247661
 0.8721255373302187
 0.3982937196227666
 0.9252583166639327
 1.026925024383643
 -1.175553956765017
 -6.300216266746947
 -0.4991564097585253
 0.2093883434813583
 0.1021515504637808
 0.648218207427905
 0.770299244190779
 0.2262175822734667
 -0.07398629026960712
 -0.9485501823378696
 -1.033539398668421
 -1.775946656560093
 0.5773148851864762
 1.406408988125561
 0.3540846616150325
 1.261601327923472
 -1.566208831284238
 1.163790141769488
 1.242349766363434
 1.658938137592413
 -0.7198759513982089
 0.5128775391014148
 1.389649052341093
 -0.8788233574772052
 0.9930945943230636
 0.02782885276868313
 0.4673225776421886
 -1.195192553586587
 -0.9755925836940041
 0.2368835266576014
 0.8195646954512286
 0.3382534000831521
 2.260876547700897
 1.923182636400984
 0.8498478411915813
 -0.2875688770506284
 0.7238876039151467
 1.38389259856945
 0.4023698984998965
 -0.6458949820660992
 2.841522504282084
 0.9208628846158829
 0.4526088779299279
 0.6751479091409455
 0.5625616737701515
 2.37421839650993
 1.063973498663244
 0.6293937325676938
 -1.414031829245014
 1.005351088069987
 0.8065216605729624
 0.4701830732596573
 0.5700989603448301
 4.210114873142295
 1.048410704943475
 0.7076106265722155
 -1.132260370571787
 0.2481457831617593
 1.997513341709841
 -3.534006372013117
 1.784479211381171
 0.7111079154300518
 -1.705331707050483
 1.465219968441906
 -0.5336252554125563
 0.8545547173723562
 -1.472390806652657
 -1.658609230819702
 0.3180163398977121
 -0.7912374772861502
 0.8515006032880991
 -0.1072882234229431
 -0.3421827343255218
 1.71121280581384
 -0.05801976222174411
 1.088522302025264
 0.2044218475123541
 2.086697585992369
 1.737482448530834
 1.104114536958898
 0.1447304376001157
 0.7141333119680576
 0.5585028146033156
 -1.213008348504646
 -0.3856852766484629
 1.495192557937536
 0.2056128526424712
 -0.2685768266504696
 1.726598187279022
 0.5557420287316557
 2.363012299577871
 0.7753281303585511


